Run semi-empirical minimization
 &qmmm
    qm_theory='AM1', grms_tol=0.0005,
 scfconv=1.d-10, ndiis_attempts=700,   qmcharge=1,
 /
   6     C       20.1200        5.0350       40.1800 
   6    C1       19.2470        3.8770       40.6860 
   6    C2       18.7580        4.1110       42.1400 
   6    C3       17.3470        4.7290       42.2810 
   6    C4       17.3900        6.1230       42.9350 
   6    C5       16.1990        6.9820       42.5240 
   7     N       16.1780        7.2000       41.0800 
   6    C6       15.7800        8.4580       40.6050 
   8     O       15.4640        9.3780       41.3570 
   6    C7       15.7770        8.6580       39.1620 
   6    C8       14.6080        8.6790       38.4280 
  16     S       14.8820        8.9380       36.7690 
   6    C9       16.5900        8.9590       36.9770 
   6   C10       17.5630        9.1210       35.9720 
   6   C11       18.9120        9.0990       36.3240 
   6   C12       19.2940        8.9160       37.6450 
   6   C13       18.3260        8.7560       38.6400 
   6   C14       16.9440        8.7820       38.3190 
   6   C15       16.7140        6.1300       40.2340 
   6   C16       16.6250        4.7660       40.9150 
   7    N1       19.8910        2.5380       40.6030 
   6   C17       19.7160        1.9210       39.2670 
   6   C18       20.3470        0.5090       39.1710 
   7    N2       20.8550        0.1000       40.5240 
   6   C19       21.8640        1.0640       41.0830 
   6   C20       21.3170        2.5090       40.9910 
   1     H       20.5340        5.5840       41.0380 
   1    H1       20.9430        4.6340       39.5700 
   1    H2       19.5080        5.7160       39.5700 
   1    H3       18.3900        3.8710       39.9970 
   1    H4       18.7550        3.1400       42.6560 
   1    H5       19.4520        4.8450       42.5760 
   1    H6       16.7680        4.0810       42.9550 
   1    H7       17.3810        6.0030       44.0280 
   1    H8       18.3070        6.6290       42.5980 
   1    H9       15.2700        6.4740       42.8240 
   1   H10       16.2860        7.9590       43.0220 
   1   H11       13.6090        8.5430       38.8680 
   1   H12       17.2630        9.2630       34.9230 
   1   H13       19.6800        9.2280       35.5470 
   1   H14       20.3610        8.8970       37.9100 
   1   H15       18.6390        8.6080       39.6840 
   1   H16       16.1400        6.0970       39.2960 
   1   H17       17.7750        6.3460       40.0430 
   1   H18       15.5640        4.5200       41.0720 
   1   H19       17.1210        4.0360       40.2590 
   1   H20       18.6400        1.8400       39.0550 
   1   H21       20.2280        2.5630       38.5360 
   1   H22       19.5880       -0.2100       38.8310 
   1   H23       21.1810        0.5260       38.4540 
   1   H24       20.0420        0.1430       41.1560 
   1   H25       21.2060       -0.8650       40.5280 
   1   H26       22.0620        0.8150       42.1360 
   1   H27       22.7960        0.9910       40.5030 
   1   H28       21.4280        2.9940       41.9720 
   1   H29       21.8900        3.0410       40.2170 

