Run semi-empirical minimization
 &qmmm
    qm_theory='AM1', grms_tol=0.0005,
 scfconv=1.d-10, ndiis_attempts=700,   qmcharge=1,
 /
   6    C1       -3.2910        1.6040        0.3570 
   6    C2       -3.9540        0.2360        0.4040 
   7    N1       -2.9770       -0.8650        0.1350 
   6    C3       -2.1320       -1.2740        1.3130 
   6    C4       -0.8400       -0.4400        1.3940 
   7    N2       -0.9770        0.8690        0.6700 
   6    C5       -2.0650        1.7270        1.2520 
  16    S1        0.5230        1.7480        0.5310 
   8    O1        0.2210        2.9410       -0.2280 
   8    O2        1.0560        1.8210        1.8700 
   6    C6        1.4910        0.6730       -0.5160 
   6    C7        1.1360        0.7090       -1.8800 
   6    C8        1.7860       -0.1020       -2.8000 
   6    C9        2.7920       -0.9570       -2.3650 
   6   C10        3.1690       -1.0000       -1.0120 
   6   C11        2.5410       -0.1730       -0.0470 
   6   C12        3.0290       -0.2870        1.2790 
   6   C13        4.0460       -1.1830        1.5800 
   7    N3        4.6180       -1.9880        0.6730 
   6   C14        4.1820       -1.8670       -0.5970 
   1    H1       -3.0130        1.8360       -0.6790 
   1    H2       -4.0310        2.3560        0.6570 
   1    H3       -4.7180        0.1650       -0.3770 
   1    H4       -4.4320        0.0370        1.3690 
   1    H5       -2.3420       -0.5590       -0.6190 
   1    H6       -3.4830       -1.6850       -0.2230 
   1    H7       -2.7410       -1.1720        2.2170 
   1    H8       -1.8940       -2.3350        1.1810 
   1    H9       -0.0510       -1.0290        0.9180 
   1   H10       -0.5600       -0.2860        2.4420 
   1   H11       -1.7690        2.7800        1.2870 
   1   H12       -2.2920        1.4330        2.2840 
   1   H13        0.3600        1.3860       -2.2360 
   1   H14        1.5240       -0.0610       -3.8550 
   1   H15        3.2970       -1.5850       -3.0980 
   1   H16        2.6610        0.3140        2.1020 
   1   H17        4.4360       -1.2700        2.5910 
   1   H18        4.6940       -2.5180       -1.3030 

